1	3	3
1	23	2
1	32	5
1	55	4
1	22	5
1	11	2
1	6	4
1	91	1
1	33	3
1	54	3
1	88	1
1	7	2
1	84	5
2	98	3
2	55	1
2	76	3
2	93	2
2	84	1
2	25	3
2	45	2
2	13	3
2	94	2
2	60	3
2	23	3
2	66	2
3	70	4
3	57	2
3	65	2
3	16	2
3	9	5
3	2	2
3	28	3
3	55	2
3	32	4
3	37	5
3	87	1
3	45	3
3	74	3
3	33	3
4	43	2
4	88	5
4	53	4
4	97	2
4	63	2
4	22	2
4	81	2
4	37	3
4	2	4
4	56	2
4	54	1
4	13	3
4	34	2
4	33	3
4	10	1
5	51	5
5	52	4
5	12	2
5	45	2
5	27	3
5	31	4
5	38	2
5	2	3
5	35	2
5	24	2
5	14	2
5	87	3
5	64	1
5	72	2
6	25	2
6	37	3
6	48	4
6	82	3
6	10	2
6	78	5
6	6	3
6	5	3
6	2	2
6	68	2
6	98	2
6	88	4
6	55	2
7	56	2
7	17	3
7	48	4
7	52	1
7	5	2
7	36	4
7	15	3
7	7	3
7	97	1
7	35	3
7	78	4
7	29	3
7	67	3
8	81	1
8	73	3
8	79	1
8	80	3
8	19	2
8	24	1
8	62	1
8	88	3
8	32	3
8	58	1
8	67	1
8	43	2
8	70	3
8	87	5
8	61	4
9	15	3
9	33	2
9	25	1
9	75	3
9	2	5
9	59	3
9	76	2
9	88	4
9	36	1
9	81	4
9	11	2
9	84	2
9	13	2
9	42	2
9	78	4
9	23	1
9	74	4
9	65	3
9	66	3
9	53	5
10	80	2
10	89	2
10	9	4
10	18	1
10	12	3
10	14	4
10	27	4
10	26	3
10	17	3
10	56	5
10	31	1
10	69	3
10	15	3
10	74	3
10	58	3
11	94	1
11	17	3
11	42	2
11	10	2
11	98	3
11	51	4
11	58	3
11	7	1
12	48	1
12	49	2
12	76	2
12	11	2
12	33	3
12	8	2
12	74	3
12	27	2
12	88	2
12	52	1
12	79	1
12	96	2
12	83	3
12	85	2
12	40	2
12	55	2
12	25	2
12	20	2
12	50	1
13	40	3
13	4	3
13	86	2
13	38	2
13	80	4
13	87	3
13	24	1
13	96	3
13	77	2
14	58	4
14	22	4
14	12	3
14	80	2
14	97	3
14	47	4
14	14	3
14	3	5
14	87	3
15	53	2
15	80	3
15	32	4
15	71	2
15	33	3
15	28	3
15	94	2
15	15	2
15	8	4
15	6	3
15	35	3
15	87	2
15	68	3
15	57	3
16	34	2
16	21	2
16	77	2
16	75	2
16	63	3
16	22	5
16	55	4
16	28	4
16	8	3
16	87	3
16	12	3
16	92	3
16	36	1
16	15	1
16	49	2
17	95	2
17	92	2
17	41	4
17	83	2
17	80	4
17	26	4
17	79	2
17	4	4
17	55	4
17	19	3
17	9	3
17	6	4
17	63	4
17	27	3
17	68	3
18	53	5
18	75	4
18	1	1
18	49	2
18	31	3
18	85	2
18	74	3
18	61	1
18	29	2
18	90	3
18	4	1
18	11	2
18	41	2
18	13	1
19	92	3
19	98	2
19	23	2
19	46	4
19	77	4
19	72	5
19	20	3
19	83	3
19	29	1
19	57	5
19	62	5
19	60	5
19	11	4
19	88	3
19	35	4
19	15	3
20	53	1
20	60	1
20	49	2
20	83	3
20	68	4
20	47	3
20	84	4
20	20	2
20	13	3
20	27	2
20	19	3
20	90	2
20	8	4
20	64	3
20	16	4
20	95	1
20	39	2
21	10	2
21	93	1
21	71	2
21	6	1
21	32	2
21	74	4
21	60	1
21	37	2
21	64	2
21	4	2
21	87	2
21	97	3
22	82	2
22	76	1
22	25	2
22	15	4
22	83	3
22	94	2
22	3	2
22	73	4
22	89	3
22	71	1
22	43	3
23	72	1
23	71	3
23	81	3
23	70	3
23	57	2
23	11	2
23	3	3
23	88	3
23	56	3
23	74	3
23	41	2
23	9	4
23	10	2
23	62	3
23	34	2
23	16	4
23	43	2
23	5	5
23	54	3
23	22	5
24	26	5
24	47	5
24	7	3
24	28	4
24	3	4
24	6	4
24	32	3
24	11	3
24	52	3
25	93	3
25	65	2
25	79	4
25	63	2
25	51	1
25	68	2
25	59	2
25	62	4
25	8	1
25	21	4
25	49	5
25	73	1
25	67	4
25	50	4
25	61	2
26	88	2
26	75	2
26	77	3
26	47	3
26	38	2
26	41	3
26	97	2
26	4	2
27	98	3
27	24	3
27	28	3
27	30	3
27	39	2
27	80	3
27	19	2
27	71	2
27	32	3
27	55	5
27	58	5
27	29	3
27	46	1
27	33	3
27	6	3
27	35	1
27	8	3
28	42	5
28	84	1
28	49	5
28	32	2
28	64	1
28	72	5
28	22	2
28	7	2
28	75	2
28	68	3
28	50	4
28	85	5
28	82	1
28	60	5
28	87	1
28	27	3
28	14	2
28	35	3
28	10	5
28	58	2
29	26	2
29	68	3
29	97	2
29	40	2
29	2	3
29	25	2
29	82	2
29	86	2
29	77	2
29	11	2
29	78	5
29	91	2
29	63	2
30	75	4
30	78	5
30	44	1
30	79	1
30	14	1
30	53	3
30	1	2
30	35	4
30	38	4
31	76	2
31	52	2
31	55	1
31	94	4
31	84	2
31	90	2
31	80	1
31	11	2
31	15	3
31	53	5
31	25	2
31	50	2
31	41	3
31	56	2
31	75	4
31	74	3
31	81	2
32	14	2
32	20	3
32	67	3
32	51	5
32	70	1
32	12	3
32	54	2
32	30	3
32	94	2
32	48	4
32	78	3
32	53	4
32	5	3
32	63	4
32	93	2
32	59	3
32	82	2
33	43	2
33	17	2
33	26	1
33	84	2
33	48	3
33	52	3
33	20	3
33	34	1
34	69	1
34	40	1
34	42	1
34	71	2
34	68	1
34	98	2
34	13	1
34	11	2
34	57	2
34	27	2
34	8	2
34	9	3
34	88	1
34	21	1
35	6	3
35	38	2
35	36	2
35	98	2
35	44	1
35	33	2
35	57	2
35	9	2
35	95	2
35	63	1
35	74	2
35	17	2
35	41	2
36	85	2
36	80	4
36	73	5
36	4	3
36	34	3
36	29	2
36	39	2
36	10	2
36	93	2
36	59	3
36	43	3
36	49	1
37	26	5
37	3	4
37	13	3
37	18	2
37	93	2
37	53	2
37	90	2
37	54	4
37	41	3
37	55	3
37	12	4
37	86	4
37	79	1
37	92	2
37	76	2
37	62	4
38	33	3
38	43	3
38	19	3
38	8	3
38	77	2
38	30	3
38	20	2
38	67	2
38	61	2
38	63	3
38	25	2
38	26	1
38	24	3
38	65	5
38	84	2
39	70	4
39	10	2
39	47	4
39	17	3
39	2	2
39	19	3
39	97	3
39	76	5
39	94	2
39	42	1
39	8	5
39	50	2
40	18	3
40	12	2
40	67	2
40	93	4
40	83	4
40	10	5
40	35	3
40	92	4
40	32	3
40	79	2
40	53	1
40	44	5
40	49	5
40	30	3
40	89	4
40	88	3
40	13	2
40	96	4
40	50	5
40	6	2
41	35	3
41	15	3
41	48	3
41	13	1
41	90	1
41	51	5
41	61	1
41	17	2
41	5	3
42	89	5
42	67	4
42	36	2
42	83	4
42	86	3
42	85	5
42	91	1
42	32	2
42	76	3
42	50	5
43	17	3
43	36	3
43	42	2
43	75	4
43	74	3
43	60	2
43	12	2
43	11	2
43	55	1
43	87	2
44	55	3
44	71	3
44	61	2
44	19	2
44	36	2
44	77	1
44	1	3
44	74	3
44	4	2
44	72	3
44	21	1
44	94	2
44	38	1
44	33	3
44	16	2
44	31	3
45	64	1
45	5	2
45	42	2
45	55	3
45	3	4
45	26	4
45	58	4
45	13	4
45	63	3
45	69	2
45	97	3
45	17	3
45	78	1
45	47	3
46	98	4
46	69	3
46	93	1
46	15	2
46	52	1
46	97	4
46	12	5
46	64	3
46	54	4
46	90	4
46	70	3
46	5	3
46	78	2
47	70	2
47	59	3
47	93	2
47	6	3
47	5	3
47	23	2
47	22	4
47	21	1
47	86	4
47	37	2
47	72	2
47	42	1
47	3	4
47	7	2
47	87	1
47	13	5
48	2	3
48	74	4
48	44	3
48	8	2
48	71	2
48	55	1
48	97	2
48	23	1
48	42	1
48	78	4
48	56	2
48	64	4
48	22	2
48	84	2
48	45	2
48	15	2
49	94	2
49	58	2
49	75	5
49	57	1
49	56	1
49	9	2
49	36	1
49	30	2
49	41	1
49	78	5
49	39	3
49	47	2
49	42	2
49	8	2
49	46	2
49	20	2
49	19	3
49	35	1
50	82	1
50	9	4
50	69	3
50	26	5
50	97	2
50	41	2
50	68	4
50	98	3
50	59	2
50	10	1
50	61	3
50	6	4
50	3	3
51	81	2
51	10	2
51	24	2
51	14	1
51	35	2
51	45	3
51	74	2
51	64	1
51	61	2
51	83	2
51	47	1
51	96	2
51	63	2
51	13	1
51	67	2
51	32	2
51	68	2
51	7	1
51	18	2
52	41	3
52	25	3
52	15	3
52	45	2
52	82	5
52	52	3
52	2	1
52	46	2
52	3	1
52	95	3
52	73	4
52	96	2
52	85	1
52	71	4
52	86	2
53	19	1
53	9	2
53	25	3
53	78	2
53	4	3
53	58	1
53	98	2
53	84	1
53	52	1
53	7	2
53	81	3
53	59	2
53	13	3
53	11	3
53	88	3
54	77	2
54	63	2
54	66	3
54	15	2
54	24	2
54	95	1
54	27	1
54	28	1
54	46	1
54	97	4
54	26	1
55	53	2
55	1	1
55	2	4
55	21	3
55	10	2
55	36	2
55	79	1
55	63	2
56	57	1
56	3	3
56	66	3
56	4	2
56	43	2
56	91	2
56	18	4
56	39	4
56	71	4
56	87	5
56	26	3
56	31	3
56	70	3
56	95	3
57	65	3
57	66	1
57	37	3
57	58	1
57	1	3
57	63	3
57	90	2
57	60	2
57	84	1
58	32	4
58	87	2
58	76	3
58	17	1
58	39	1
58	77	2
58	6	3
58	31	2
58	81	3
58	49	1
58	83	3
58	55	3
58	18	2
58	30	2
58	37	3
58	54	4
58	70	4
58	8	4
58	86	2
58	1	3
59	16	2
59	48	4
59	3	2
59	51	4
59	94	2
59	39	2
59	5	4
59	40	3
60	7	1
60	56	4
60	13	4
60	3	4
60	95	3
60	71	3
60	97	2
60	41	3
61	42	5
61	35	5
61	95	2
61	59	3
61	60	5
61	19	2
61	49	5
61	65	2
61	52	2
61	46	4
61	97	3
61	88	3
62	69	3
62	50	1
62	5	5
62	62	3
62	39	3
62	3	3
62	95	2
62	92	3
62	46	2
62	8	4
62	70	2
62	43	1
63	82	4
63	52	3
63	98	2
63	6	3
63	1	4
63	69	3
63	33	1
63	25	4
63	34	3
63	28	3
63	3	3
64	69	2
64	12	3
64	70	3
64	71	3
64	59	2
64	81	3
64	56	4
64	7	2
64	42	2
64	6	4
64	32	4
64	31	2
65	66	2
65	61	4
65	17	3
65	83	1
65	32	4
65	25	4
65	13	3
65	22	5
65	3	3
66	61	1
66	64	3
66	7	3
66	71	1
66	25	1
66	74	4
66	81	2
66	79	1
66	56	2
66	53	3
66	14	3
66	77	2
66	29	2
66	52	3
66	30	2
66	3	2
66	78	4
67	92	4
67	82	3
67	66	1
67	15	5
67	29	2
67	85	1
67	20	3
67	31	3
68	68	3
68	80	4
68	1	3
68	87	4
68	19	2
68	59	3
68	46	2
68	74	2
68	41	2
69	64	1
69	40	2
69	71	2
69	22	1
69	87	2
69	32	1
69	38	3
69	6	2
69	13	2
69	51	5
69	30	4
69	81	3
69	2	3
70	52	1
70	96	2
70	13	3
70	2	1
70	76	1
70	80	2
70	12	2
70	27	2
71	32	2
71	22	3
71	17	2
71	91	5
71	73	3
71	93	2
71	63	2
71	52	2
71	6	2
71	71	5
71	61	4
71	97	3
71	25	2
71	56	3
71	70	2
71	69	1
72	63	3
72	90	3
72	44	2
72	19	3
72	4	4
72	33	2
72	25	3
72	70	4
72	28	4
73	24	3
73	5	3
73	82	3
73	96	3
73	78	4
73	83	3
73	27	2
73	94	2
73	22	2
73	93	2
73	98	1
73	71	2
73	54	3
73	30	3
73	43	3
74	87	2
74	63	4
74	86	2
74	81	3
74	41	2
74	59	3
74	82	3
74	4	3
74	18	3
74	55	2
74	27	3
74	26	1
74	43	3
75	13	2
75	83	1
75	22	3
75	93	2
75	54	3
75	37	5
75	46	1
75	70	3
76	19	5
76	25	5
76	55	2
76	4	4
76	58	5
76	29	3
76	85	1
76	38	2
76	8	5
76	79	2
76	5	3
76	68	4
76	72	2
76	28	5
76	78	3
76	45	3
76	39	2
76	24	2
76	92	2
76	36	2
77	18	5
77	41	3
77	91	5
77	82	3
77	97	3
77	79	2
77	43	1
77	61	5
77	70	4
77	9	2
78	77	2
78	70	2
78	19	2
78	95	2
78	45	3
78	18	2
78	20	3
78	11	4
78	78	3
78	14	2
78	15	4
78	82	1
78	36	5
79	3	4
79	80	3
79	1	3
79	65	2
79	95	2
79	35	2
79	19	3
79	76	3
80	93	3
80	25	2
80	85	2
80	78	3
80	66	2
80	62	2
80	34	2
80	79	2
80	50	2
80	8	2
81	34	2
81	71	3
81	39	4
81	7	2
81	77	2
81	30	1
81	41	3
81	67	2
81	6	2
81	93	2
81	63	1
81	66	3
81	62	1
82	19	2
82	60	1
82	21	3
82	53	5
82	7	3
82	63	2
82	75	5
82	64	4
82	56	2
82	72	1
82	14	4
82	62	1
83	26	4
83	22	5
83	55	3
83	83	2
83	92	3
83	8	4
83	13	5
83	68	3
83	84	5
83	16	3
83	54	3
83	64	2
83	62	3
84	44	2
84	30	2
84	72	1
84	1	3
84	57	1
84	60	2
84	63	4
84	27	1
84	71	2
84	11	3
84	22	2
84	85	2
84	73	4
84	2	3
84	28	1
84	26	2
85	6	4
85	29	4
85	88	2
85	54	3
85	48	1
85	22	5
85	85	2
85	61	4
85	73	2
85	37	3
85	58	4
85	21	3
85	65	1
85	34	2
85	38	1
86	6	4
86	15	1
86	61	2
86	84	5
86	76	3
86	62	3
86	9	4
86	25	4
86	26	4
86	21	3
86	46	1
86	47	4
86	28	3
86	79	2
86	73	2
86	87	3
86	92	2
86	30	3
86	44	2
86	93	2
87	58	4
87	54	4
87	9	5
87	16	1
87	26	2
87	12	5
87	19	4
87	21	3
87	28	5
87	69	3
87	53	2
87	98	4
87	34	2
87	70	3
87	84	3
87	63	4
87	33	4
88	6	3
88	50	2
88	58	2
88	64	3
88	72	1
88	26	2
88	2	5
88	74	4
88	54	2
88	83	2
88	81	2
88	84	2
88	51	2
88	35	2
88	78	5
88	47	1
88	19	2
88	85	1
89	70	2
89	39	5
89	38	1
89	4	3
89	35	1
89	91	1
89	81	1
89	83	1
89	62	1
89	11	1
89	12	3
89	5	2
89	57	2
89	41	4
89	54	3
89	52	2
89	32	1
89	69	1
90	40	3
90	30	3
90	27	2
90	49	4
90	89	5
90	55	1
90	24	3
90	10	4
90	72	5
90	44	4
90	83	4
90	67	4
90	80	2
90	35	4
90	71	2
91	77	3
91	76	1
91	74	2
91	17	4
91	24	3
91	46	3
91	30	3
91	42	2
91	87	3
91	80	1
91	63	2
91	83	2
91	41	2
92	60	3
92	17	3
92	2	2
92	70	4
92	57	2
92	4	4
92	80	4
92	52	3
92	58	4
92	83	3
92	54	4
92	98	4
92	37	4
92	66	2
92	32	3
92	16	3
92	55	3
92	90	3
92	26	3
93	78	1
93	83	1
93	45	2
93	22	2
93	4	3
93	61	4
93	49	2
93	94	3
93	6	2
93	71	5
94	60	2
94	62	1
94	37	3
94	5	2
94	2	4
94	45	3
94	7	3
94	63	3
94	88	3
94	68	2
94	21	3
94	86	1
94	90	2
95	94	2
95	9	2
95	48	4
95	56	1
95	97	2
95	18	4
95	13	3
95	1	2
95	17	2
95	22	2
95	67	2
95	24	1
95	3	3
96	79	4
96	38	1
96	40	2
96	1	1
96	23	2
96	88	2
96	49	5
96	96	3
96	46	5
96	72	5
96	35	3
96	44	5
96	24	3
97	48	3
97	76	2
97	13	1
97	20	1
97	94	2
97	18	1
97	59	2
97	60	1
97	51	3
97	66	1
97	23	2
97	57	3
97	39	1
97	68	1
98	74	2
98	60	5
98	42	5
98	96	3
98	5	2
98	32	1
98	57	5
98	63	2
99	11	2
99	48	5
99	90	3
99	5	3
99	32	2
99	23	1
99	27	2
99	89	2
99	47	1
99	75	4
99	17	2
99	43	2
99	59	2
99	98	2
99	40	3
99	81	2
99	19	2
99	2	4
99	24	3
99	36	5
100	64	2
100	24	2
100	53	4
100	83	4
100	81	2
100	91	2
100	37	4
100	34	2
100	74	3
100	43	3
100	10	1
100	31	4
100	32	3
100	36	4
100	33	2
100	5	2
100	63	4
100	61	2
101	30	2
101	36	4
101	81	3
101	92	2
101	20	4
101	38	4
101	91	2
101	7	3
101	11	2
101	18	1
101	58	1
101	17	2
101	95	2
101	45	3
101	50	2
101	28	2
101	48	3
101	65	2
101	74	3
102	32	2
102	62	2
102	45	3
102	17	2
102	12	1
102	56	2
102	90	3
102	36	2
102	75	4
102	67	3
102	92	1
102	81	3
102	58	2
102	89	2
102	42	2
102	35	2
102	2	4
103	18	3
103	97	3
103	54	4
103	12	3
103	63	2
103	86	4
103	69	3
103	6	3
103	74	3
103	13	3
103	4	4
103	52	4
103	80	2
103	29	4
104	21	2
104	67	5
104	96	3
104	60	5
104	72	5
104	10	4
104	48	1
104	15	2
104	63	1
104	93	5
104	68	1
104	43	2
104	55	2
105	55	3
105	3	2
105	88	2
105	17	1
105	23	2
105	52	2
105	70	2
105	11	2
105	32	2
105	95	2
105	27	1
106	78	3
106	12	3
106	80	4
106	48	1
106	81	3
106	34	2
106	29	4
106	87	2
106	21	2
107	27	3
107	85	5
107	83	3
107	49	5
107	18	1
107	44	5
107	64	2
107	50	5
107	79	3
107	98	3
107	24	3
107	38	2
107	25	2
107	10	5
107	89	4
107	51	1
108	90	3
108	34	3
108	5	4
108	4	3
108	53	2
108	32	4
108	3	2
108	54	4
108	1	2
109	11	2
109	46	3
109	16	3
109	8	4
109	32	4
109	13	4
109	18	4
109	26	5
109	22	5
109	7	2
109	4	3
109	57	2
109	30	2
109	29	5
110	41	2
110	15	3
110	19	2
110	81	3
110	57	2
110	36	4
110	78	3
110	28	2
110	96	4
110	33	4
110	12	1
111	96	3
111	74	2
111	60	2
111	54	4
111	83	3
111	25	4
111	39	2
111	56	3
111	32	4
111	34	3
111	27	3
112	87	2
112	92	3
112	75	2
112	1	2
112	38	3
112	16	2
112	2	3
112	46	3
112	35	3
112	65	5
112	64	2
112	29	3
112	24	4
112	14	3
112	71	2
112	15	3
112	98	3
113	59	3
113	18	3
113	3	2
113	37	2
113	54	2
113	82	2
113	14	2
113	79	3
113	85	2
113	16	2
113	84	2
113	97	3
113	71	2
113	77	2
113	98	2
113	60	2
113	31	3
113	61	3
113	53	2
114	11	1
114	83	1
114	91	5
114	84	1
114	59	2
114	42	1
114	71	4
114	97	3
114	25	3
114	43	4
114	52	3
114	14	3
114	8	1
115	60	2
115	72	2
115	73	2
115	75	3
115	88	4
115	52	4
115	64	3
115	19	2
115	2	3
115	30	2
115	46	3
115	61	2
116	52	3
116	28	2
116	39	5
116	59	2
116	64	3
116	17	2
116	96	1
116	54	3
116	15	2
116	87	4
116	8	2
116	88	2
116	98	1
117	27	1
117	14	1
117	61	3
117	95	3
117	41	4
117	7	1
117	37	2
117	54	3
117	18	4
117	70	3
117	98	1
117	49	3
117	38	4
117	43	1
117	13	2
117	89	2
118	4	3
118	56	5
118	64	2
118	17	2
118	29	4
118	8	4
118	9	4
118	22	5
118	28	3
119	92	2
119	73	1
119	58	2
119	81	2
119	9	2
119	47	3
119	61	3
119	77	2
119	29	3
119	93	1
119	14	1
119	87	4
119	95	3
119	18	4
120	75	4
120	90	3
120	82	2
120	20	1
120	46	1
120	28	2
120	52	2
120	6	1
120	21	3
120	92	1
120	49	2
120	2	4
120	25	1
120	87	1
120	17	2
120	44	2
120	53	4
120	4	2
120	80	2
121	59	3
121	95	3
121	5	1
121	12	2
121	4	1
121	19	3
121	58	3
121	69	2
121	94	1
121	86	3
121	33	2
121	9	1
121	18	4
121	15	3
121	14	2
121	55	2
122	18	2
122	5	1
122	61	4
122	22	1
122	58	3
122	13	2
122	34	2
122	76	2
122	41	4
122	64	3
122	83	2
122	33	3
122	68	3
122	95	2
122	71	3
122	48	1
122	62	3
122	72	2
122	2	1
122	21	1
123	41	2
123	33	3
123	28	3
123	55	5
123	54	3
123	13	4
123	40	3
123	51	1
123	53	2
123	17	2
123	69	2
123	3	4
123	72	3
123	56	2
124	11	3
124	35	3
124	12	1
124	15	4
124	55	1
124	7	3
124	3	3
124	71	1
124	37	2
124	29	1
124	63	3
124	31	4
124	52	2
125	26	4
125	51	1
125	54	4
125	34	3
125	56	4
125	6	4
125	7	4
125	14	2
125	47	5
126	4	3
126	75	2
126	27	2
126	18	2
126	66	2
126	41	2
126	10	5
126	19	2
126	1	2
126	89	5
126	5	1
126	47	1
126	43	3
126	90	2
126	8	2
126	56	2
126	69	2
126	92	3
126	64	2
126	80	2
127	35	2
127	80	3
127	16	4
127	70	3
127	69	2
127	3	3
127	81	2
127	91	5
127	29	1
127	83	2
127	10	2
127	63	1
127	53	2
127	59	2
127	92	2
127	88	3
128	15	1
128	70	3
128	72	1
128	66	4
128	25	3
128	87	5
128	18	3
128	6	2
128	71	4
128	46	3
128	84	2
128	39	5
128	82	2
128	53	1
129	33	4
129	35	3
129	8	2
129	36	4
129	83	2
129	26	2
129	68	2
129	63	3
129	15	3
130	47	1
130	10	5
130	46	4
130	50	5
130	49	5
130	87	1
130	57	5
130	83	4
130	89	5
130	85	5
130	69	4
130	19	1
130	35	3
130	9	1
130	92	3
130	68	2
130	76	3
130	40	2
130	81	2
130	28	2
131	10	5
131	24	3
131	7	2
131	45	2
131	81	1
131	42	5
131	49	5
131	69	3
131	56	1
132	26	5
132	93	2
132	9	5
132	3	4
132	86	4
132	6	4
132	98	2
132	92	2
132	12	4
132	48	2
132	15	1
132	34	2
132	5	3
132	18	2
132	29	2
132	35	2
132	96	2
132	76	3
133	80	3
133	87	2
133	22	1
133	31	3
133	32	1
133	38	4
133	40	3
133	53	4
134	9	4
134	32	5
134	74	2
134	18	5
134	15	2
134	92	1
134	17	1
134	22	5
134	95	3
134	68	3
134	64	3
134	81	4
134	63	3
135	62	2
135	80	1
135	7	1
135	33	2
135	31	3
135	63	1
135	35	2
135	15	2
135	59	1
135	38	2
135	13	1
135	20	2
135	24	2
135	30	1
135	72	2
135	41	2
135	84	2
136	9	3
136	53	2
136	54	4
136	67	2
136	19	2
136	36	2
136	23	2
136	6	5
137	10	5
137	40	2
137	54	3
137	28	2
137	88	1
137	11	3
137	52	2
137	71	2
137	34	1
137	65	2
137	84	3
137	24	3
137	91	3
137	59	2
137	38	3
137	49	5
137	73	1
137	83	3
138	17	4
138	96	2
138	67	2
138	94	3
138	35	2
138	41	2
138	86	4
138	47	4
138	66	3
138	19	4
138	37	4
139	33	2
139	26	5
139	90	3
139	46	1
139	44	2
139	14	2
139	9	4
139	80	3
139	56	4
139	16	3
139	54	4
140	85	2
140	66	3
140	43	3
140	94	2
140	71	1
140	92	2
140	52	2
140	26	2
140	6	2
140	72	2
140	12	3
140	30	2
140	53	1
141	60	1
141	48	2
141	52	1
141	33	2
141	51	3
141	20	2
141	79	1
141	19	2
141	9	2
141	43	2
141	65	1
141	28	2
141	55	1
141	35	1
141	92	1
141	91	2
142	22	5
142	79	1
142	29	4
142	97	3
142	39	2
142	74	3
142	32	3
142	34	3
142	30	3
142	67	2
142	50	1
142	91	2
142	21	1
142	8	3
142	56	3
142	82	2
142	28	4
142	62	2
143	58	2
143	32	2
143	42	5
143	85	5
143	60	5
143	57	5
143	12	2
143	3	3
143	95	2
143	44	5
143	62	3
143	11	4
143	70	2
143	92	2
143	17	2
143	77	3
143	46	3
144	81	3
144	17	3
144	92	1
144	28	5
144	97	3
144	80	3
144	76	2
144	26	4
144	1	3
144	30	2
144	25	4
144	4	3
144	45	2
144	32	3
144	58	4
144	56	3
144	9	2
144	96	2
145	84	4
145	15	2
145	92	2
145	18	4
145	26	5
145	70	5
145	32	4
145	56	4
145	36	1
145	69	2
145	5	3
145	25	4
145	41	3
145	14	3
145	28	2
145	35	2
146	78	4
146	83	3
146	46	3
146	48	3
146	39	1
146	95	2
146	68	2
146	10	2
146	7	2
146	53	4
146	43	2
146	85	1
146	23	2
146	81	2
146	52	2
146	5	3
147	48	3
147	35	2
147	5	3
147	47	2
147	26	1
147	37	2
147	73	2
147	53	5
147	13	2
147	95	2
147	65	2
147	77	2
147	7	4
147	4	2
147	2	4
147	19	2
147	44	1
148	94	1
148	83	3
148	72	5
148	61	1
148	45	2
148	49	5
148	74	2
148	43	4
148	10	5
148	15	2
148	87	3
148	51	2
148	71	1
149	32	2
149	52	4
149	41	2
149	19	3
149	96	3
149	83	2
149	50	3
149	59	2
149	24	3
150	86	2
150	3	4
150	19	3
150	27	3
150	46	2
150	74	1
150	65	2
150	16	5
151	56	2
151	86	2
151	58	1
151	71	3
151	38	1
151	11	1
151	44	3
151	39	5
152	9	4
152	19	3
152	8	3
152	78	2
152	12	3
152	70	3
152	4	4
152	92	2
152	66	1
152	1	2
152	71	4
152	46	2
152	72	1
152	47	4
153	15	4
153	93	3
153	8	1
153	22	1
153	36	4
153	61	2
153	53	3
153	32	1
153	27	3
153	24	3
154	76	3
154	3	2
154	67	4
154	24	4
154	30	3
154	66	1
154	97	1
154	79	5
154	29	1
154	23	1
154	86	2
155	18	1
155	54	2
155	71	1
155	44	2
155	3	2
155	45	1
155	30	3
155	92	2
155	13	1
155	64	1
155	6	2
155	55	1
155	47	2
155	19	2
156	22	5
156	34	3
156	98	2
156	18	3
156	8	3
156	54	4
156	42	1
156	47	4
156	61	3
156	87	2
156	35	2
156	10	1
156	69	1
156	58	4
156	26	5
156	56	2
156	16	3
157	6	3
157	78	2
157	59	2
157	9	5
157	97	2
157	89	1
157	37	4
157	4	4
157	29	4
158	37	1
158	91	5
158	96	2
158	70	3
158	83	2
158	78	2
158	73	3
158	34	3
159	20	2
159	33	3
159	80	2
159	84	5
159	50	1
159	16	3
159	8	4
159	87	3
159	77	1
159	70	4
159	4	4
159	35	3
159	28	4
159	68	3
159	54	4
159	17	2
159	15	2
160	62	4
160	81	5
160	95	2
160	58	4
160	14	4
160	8	4
160	77	2
160	54	3
160	56	5
161	66	2
161	14	2
161	19	3
161	43	2
161	87	2
161	17	4
161	12	3
161	70	3
161	44	1
161	11	2
162	97	2
162	90	3
162	5	1
162	82	2
162	48	1
162	27	1
162	88	4
162	20	1
162	94	4
163	32	1
163	8	2
163	14	3
163	10	3
163	45	4
163	78	5
163	13	1
163	65	3
163	20	2
163	9	1
164	59	2
164	82	2
164	98	2
164	16	2
164	72	2
164	70	2
164	97	3
164	71	2
164	25	1
164	78	4
164	10	3
164	90	2
164	40	3
164	64	3
164	45	3
164	33	2
164	75	5
164	91	1
164	92	2
165	1	3
165	78	4
165	9	2
165	42	1
165	66	1
165	26	3
165	10	2
165	75	4
165	63	2
165	97	2
165	36	5
165	7	2
165	73	3
165	51	4
165	24	3
165	77	3
165	23	2
166	78	2
166	54	3
166	15	1
166	61	5
166	33	1
166	4	2
166	68	2
166	87	2
166	38	3
166	43	2
166	90	1
166	83	3
166	73	3
166	27	2
166	91	5
166	17	1
167	1	3
167	33	2
167	67	2
167	36	3
167	68	4
167	19	2
167	76	2
167	55	5
167	17	2
168	28	4
168	98	3
168	41	4
168	42	2
168	52	2
168	87	3
168	75	1
168	37	4
168	67	2
168	54	3
168	43	1
168	16	4
168	39	2
168	20	1
168	27	4
168	92	2
168	49	2
169	83	2
169	37	2
169	63	3
169	71	2
169	43	3
169	33	4
169	94	2
169	32	2
169	48	3
169	95	2
169	1	2
169	42	2
169	11	3
169	51	5
169	4	2
170	39	1
170	77	3
170	80	2
170	42	2
170	94	2
170	43	2
170	51	3
170	89	2
170	88	3
171	22	3
171	33	3
171	97	3
171	47	4
171	44	2
171	20	2
171	65	2
171	2	2
172	51	5
172	75	3
172	48	3
172	17	2
172	64	2
172	19	3
172	84	3
172	60	2
172	94	2
172	8	2
172	62	1
172	29	2
172	78	3
172	79	3
172	96	2
172	46	3
173	30	3
173	72	5
173	88	3
173	17	2
173	87	3
173	62	3
173	49	3
173	21	1
173	77	4
173	13	2
173	54	2
173	83	4
174	90	2
174	68	4
174	87	2
174	86	3
174	55	3
174	47	4
174	52	3
174	96	2
175	7	4
175	25	3
175	62	3
175	27	4
175	22	3
175	14	5
175	43	2
175	68	4
175	6	3
175	18	1
175	42	1
175	23	2
175	94	3
175	90	3
175	56	4
176	53	5
176	31	3
176	69	3
176	65	3
176	97	1
176	30	2
176	5	2
176	13	2
176	1	4
176	98	2
176	79	1
177	8	5
177	81	3
177	47	4
177	40	2
177	97	4
177	69	3
177	9	5
177	70	3
177	3	4
178	74	2
178	89	4
178	10	4
178	49	4
178	26	2
178	60	5
178	67	5
178	38	2
178	50	5
179	25	3
179	2	2
179	37	2
179	10	1
179	26	2
179	11	2
179	12	1
179	21	2
179	98	2
179	1	1
179	63	2
179	16	3
179	90	1
179	94	3
179	61	4
179	87	4
179	52	2
179	31	3
179	73	2
180	56	1
180	89	2
180	53	4
180	19	2
180	38	3
180	82	4
180	64	1
180	83	4
180	88	3
180	90	2
180	11	3
180	73	3
180	75	4
180	59	3
180	17	2
180	76	2
181	37	3
181	80	2
181	94	2
181	71	2
181	56	2
181	55	3
181	81	3
181	49	2
181	76	2
182	93	3
182	35	1
182	83	3
182	86	3
182	36	3
182	10	1
182	73	4
182	33	2
182	77	2
183	71	4
183	32	1
183	34	1
183	20	1
183	55	3
183	31	4
183	10	2
183	67	1
183	70	2
183	37	1
183	9	2
184	18	3
184	19	2
184	44	2
184	30	2
184	25	3
184	63	2
184	64	2
184	80	2
184	41	3
184	8	2
184	28	1
184	96	2
184	59	1
184	70	2
184	1	1
185	45	3
185	79	3
185	60	1
185	27	4
185	90	3
185	87	3
185	17	2
185	4	3
185	69	2
185	95	3
185	84	5
185	55	2
185	47	4
185	3	5
185	21	2
186	50	2
186	75	1
186	54	3
186	94	2
186	61	2
186	47	4
186	3	4
186	34	3
187	76	2
187	82	3
187	30	3
187	90	2
187	16	2
187	37	2
187	61	3
187	13	3
187	42	1
187	81	3
187	54	3
187	18	3
187	27	2
187	7	1
187	69	1
187	71	4
188	43	2
188	3	1
188	37	4
188	28	2
188	71	2
188	94	3
188	80	1
188	5	1
188	55	2
188	7	4
188	92	2
188	77	1
188	67	2
188	81	2
188	66	1
188	96	2
188	74	3
188	53	3
188	13	2
188	51	3
189	30	2
189	37	2
189	91	2
189	21	3
189	88	3
189	2	4
189	8	1
189	85	1
189	64	3
189	75	4
189	54	2
189	49	3
189	95	2
189	68	2
189	90	3
189	74	2
190	7	2
190	52	2
190	45	2
190	12	2
190	36	2
190	27	4
190	47	3
190	54	2
190	1	3
190	70	3
190	66	2
190	29	4
190	5	3
190	93	2
190	19	3
190	26	3
191	65	4
191	89	2
191	84	3
191	51	3
191	45	1
191	36	5
191	72	2
191	31	3
191	29	2
191	37	3
191	20	3
191	68	2
191	61	2
191	48	5
191	40	4
191	2	4
192	21	1
192	31	4
192	52	3
192	64	1
192	76	2
192	74	1
192	95	2
192	30	2
192	8	1
192	35	2
192	72	1
192	41	4
192	80	2
192	54	3
192	91	2
192	93	1
192	43	1
193	41	2
193	25	3
193	32	1
193	15	3
193	31	3
193	56	1
193	42	2
193	35	3
193	72	3
193	87	3
193	73	3
194	2	4
194	53	3
194	42	1
194	31	3
194	71	1
194	21	4
194	78	5
194	79	2
194	44	1
194	32	2
195	60	1
195	86	2
195	8	3
195	19	4
195	66	1
195	78	2
195	82	1
195	33	2
195	7	1
195	35	2
196	33	2
196	13	4
196	61	5
196	66	2
196	14	2
196	84	4
196	36	2
196	12	4
196	71	3
196	74	2
196	58	4
196	81	3
196	69	3
196	34	3
196	70	4
196	98	4
197	85	2
197	27	2
197	8	4
197	84	3
197	58	4
197	12	5
197	36	2
197	23	3
197	68	4
197	38	3
197	98	2
197	5	3
198	26	3
198	98	2
198	19	2
198	16	3
198	11	2
198	57	2
198	61	3
198	37	3
199	24	2
199	91	1
199	85	1
199	70	2
199	47	1
199	52	3
199	96	2
199	95	2
200	18	4
200	40	2
200	65	1
200	95	4
200	91	5
200	14	2
200	10	1
200	20	2
200	46	1
200	49	2
200	61	5
200	7	2
201	35	3
201	68	5
201	28	5
201	27	4
201	23	1
201	41	4
201	14	4
201	42	2
201	65	1
201	4	4
202	1	2
202	35	2
202	43	2
202	25	1
202	22	2
202	4	2
202	64	1
202	30	4
202	5	3
202	26	1
202	78	4
202	82	3
202	48	5
202	42	1
202	96	3
203	65	5
203	51	4
203	18	2
203	6	1
203	45	3
203	5	4
203	54	2
203	39	1
203	75	4
203	33	3
203	58	1
203	52	2
203	1	3
204	92	1
204	86	3
204	41	3
204	68	1
204	88	1
204	84	3
204	40	2
204	13	3
204	8	3
204	57	1
204	63	1
204	31	2
204	18	4
204	39	5
204	36	2
204	15	1
204	66	2
204	54	2
205	37	3
205	40	3
205	54	2
205	1	2
205	24	3
205	21	3
205	26	3
205	79	2
205	30	2
205	19	4
206	73	3
206	61	2
206	1	3
206	78	4
206	30	2
206	63	2
206	46	3
206	83	2
206	90	2
206	98	2
206	17	1
206	58	3
206	51	4
206	2	3
206	92	3
206	10	1
206	65	3
206	75	5
207	40	3
207	27	2
207	91	1
207	51	3
207	2	3
207	95	4
207	24	3
207	78	4
207	6	2
207	90	3
208	26	2
208	27	4
208	80	3
208	60	3
208	22	3
208	96	3
208	98	4
208	14	4
208	42	2
208	62	3
208	47	4
208	68	4
208	16	2
208	8	5
208	63	5
208	12	5
208	76	4
208	28	5
208	1	3
209	5	4
209	62	1
209	87	2
209	51	4
209	9	2
209	33	3
209	65	4
209	27	2
209	31	4
209	80	3
209	59	2
210	83	2
210	46	3
210	30	4
210	27	2
210	48	3
210	86	2
210	38	3
210	74	3
210	11	3
210	97	1
210	75	4
210	21	3
211	76	2
211	79	2
211	88	4
211	27	2
211	22	3
211	48	1
211	28	2
211	75	5
211	65	1
211	7	3
211	90	2
211	31	2
211	51	2
211	46	2
211	74	3
211	42	2
212	56	5
212	83	2
212	61	2
212	36	1
212	77	2
212	87	3
212	9	4
212	47	3
212	22	3
212	5	3
212	62	2
212	82	2
212	12	5
212	76	3
212	81	4
212	89	2
213	84	3
213	25	3
213	8	5
213	70	2
213	56	5
213	53	1
213	5	4
213	10	1
213	57	2
213	16	2
213	45	3
213	49	2
213	22	3
213	93	2
213	81	3
213	68	4
213	7	3
214	26	4
214	84	4
214	19	3
214	56	4
214	32	3
214	17	2
214	76	3
214	69	3
215	42	2
215	45	3
215	21	3
215	38	4
215	40	1
215	66	2
215	92	4
215	27	4
215	4	2
215	43	2
215	49	2
215	12	5
215	70	4
215	98	3
216	25	4
216	22	5
216	13	3
216	29	5
216	21	2
216	62	2
216	45	2
216	72	2
216	80	2
216	54	3
216	56	3
216	23	4
216	85	2
216	3	3
216	28	5
216	68	3
216	6	3
217	34	1
217	37	2
217	22	5
217	78	1
217	41	4
217	49	3
217	26	4
217	15	1
217	7	2
217	67	1
217	16	3
217	63	2
217	31	1
217	33	2
218	72	2
218	37	4
218	70	3
218	94	3
218	81	4
218	12	5
218	80	3
218	15	4
218	86	3
218	38	2
218	62	5
218	43	3
218	8	5
218	24	2
218	97	3
218	92	3
218	27	3
219	34	3
219	94	2
219	56	5
219	76	4
219	8	5
219	32	4
219	28	4
219	53	2
219	82	2
220	89	3
220	60	3
220	19	2
220	25	4
220	54	3
220	95	3
220	80	3
220	53	1
220	37	3
220	59	2
220	78	2
220	81	1
220	36	2
221	79	2
221	80	2
221	24	2
221	84	3
221	72	4
221	34	3
221	69	4
221	94	3
221	38	2
221	19	3
221	92	3
222	81	3
222	2	5
222	64	4
222	37	2
222	31	3
222	41	2
222	36	1
222	82	2
222	29	2
222	75	4
222	8	1
222	94	4
222	74	3
222	43	2
222	22	1
222	92	2
222	51	2
223	20	4
223	56	2
223	88	3
223	35	2
223	65	3
223	62	3
223	36	4
223	24	3
223	34	2
223	18	2
224	68	4
224	28	4
224	62	2
224	29	4
224	12	3
224	32	3
224	9	4
224	54	4
224	4	3
224	47	4
224	84	5
224	80	3
224	88	2
224	8	4
224	10	2
224	55	3
225	68	4
225	80	2
225	25	3
225	26	5
225	61	4
225	3	4
225	33	4
225	71	2
225	14	2
225	95	3
225	97	3
225	46	3
225	89	2
225	47	3
226	33	3
226	63	2
226	28	5
226	22	5
226	98	3
226	70	4
226	58	4
226	4	4
226	3	4
226	51	3
226	48	3
226	80	3
226	29	4
226	19	3
226	37	2
226	8	4
226	93	1
226	17	3
227	97	1
227	37	2
227	44	2
227	5	3
227	2	2
227	91	2
227	13	2
227	80	2
227	88	1
227	51	2
227	56	2
227	66	2
227	95	3
227	60	2
227	53	3
228	50	4
228	6	1
228	88	3
228	3	2
228	93	3
228	52	1
228	42	5
228	92	2
228	5	2
228	60	5
228	59	2
228	28	1
228	49	5
228	67	3
228	73	3
228	1	2
228	20	3
229	39	5
229	14	2
229	80	2
229	4	3
229	53	1
229	66	3
229	22	1
229	88	1
229	82	2
229	46	1
229	40	3
229	24	2
229	71	4
229	15	1
229	67	1
229	85	2
230	33	2
230	97	4
230	19	1
230	37	2
230	38	2
230	2	3
230	83	1
230	93	1
230	88	3
230	54	3
230	55	2
230	67	1
230	40	1
230	66	2
230	4	2
230	7	2
231	44	2
231	35	3
231	80	4
231	79	3
231	52	2
231	4	3
231	34	3
231	32	1
231	83	1
231	10	1
231	82	4
232	72	4
232	24	4
232	10	4
232	93	3
232	34	2
232	85	5
232	86	2
232	78	1
232	22	2
232	83	3
232	62	4
232	42	5
232	17	2
232	52	1
233	78	4
233	81	2
233	90	2
233	88	4
233	98	2
233	25	2
233	76	2
233	61	1
233	27	3
233	97	3
233	89	1
233	13	1
233	2	3
233	72	2
233	63	2
234	85	5
234	67	5
234	30	3
234	35	4
234	40	1
234	15	3
234	27	2
234	50	5
234	89	4
234	13	2
234	72	5
234	70	1
234	11	5
234	92	3
234	58	2
235	27	4
235	55	3
235	37	2
235	69	3
235	17	3
235	1	4
235	72	2
235	78	1
235	5	3
235	56	3
236	66	4
236	4	3
236	84	2
236	10	2
236	9	3
236	13	2
236	94	4
236	64	1
236	76	2
236	32	3
236	28	5
236	18	3
237	23	1
237	51	1
237	68	4
237	47	3
237	90	2
237	92	2
237	28	4
237	72	2
237	69	2
237	85	2
237	37	3
237	33	2
237	81	2
237	16	5
238	78	4
238	59	2
238	22	2
238	49	2
238	74	3
238	75	4
238	50	2
238	33	4
238	95	2
238	65	4
238	41	2
238	31	3
238	73	2
238	27	2
238	19	3
238	52	2
238	32	1
238	63	4
239	66	2
239	9	5
239	25	4
239	73	3
239	29	3
239	19	2
239	62	4
239	15	3
240	2	2
240	78	4
240	12	1
240	96	2
240	61	1
240	64	3
240	22	1
240	27	1
240	65	4
240	89	3
240	15	4
240	6	3
240	83	4
240	33	3
241	13	2
241	6	1
241	30	1
241	16	2
241	18	2
241	75	1
241	2	2
241	55	2
242	25	3
242	34	2
242	17	3
242	58	1
242	96	3
242	75	1
242	42	2
242	1	1
242	31	2
242	52	2
242	32	1
242	11	2
242	44	2
242	90	1
243	10	2
243	19	1
243	73	3
243	3	2
243	80	1
243	2	2
243	65	2
243	37	2
243	61	3
243	69	2
243	34	3
243	13	3
244	86	3
244	61	4
244	37	3
244	35	2
244	73	2
244	8	3
244	47	5
244	80	3
244	79	2
244	93	1
244	64	2
244	17	4
244	3	4
244	41	2
244	46	2
244	19	2
244	9	3
244	54	3
244	71	3
245	77	2
245	80	2
245	53	5
245	20	3
245	47	1
245	95	2
245	74	2
245	78	4
245	4	2
245	64	2
245	81	1
245	5	4
246	95	2
246	85	1
246	43	1
246	7	1
246	46	2
246	68	2
246	60	3
246	54	3
246	45	2
246	31	3
246	29	1
246	50	1
246	18	4
247	85	4
247	95	3
247	54	2
247	92	2
247	60	5
247	57	5
247	50	5
247	27	2
247	1	2
247	30	3
247	56	1
247	44	5
247	49	4
247	96	3
247	42	4
247	18	3
247	9	2
247	79	3
247	76	4
247	15	2
248	77	2
248	67	2
248	12	2
248	69	2
248	44	2
248	93	2
248	14	2
248	63	1
249	60	2
249	95	2
249	10	1
249	3	1
249	6	1
249	89	2
249	71	3
249	67	2
249	52	2
249	77	2
249	16	2
249	39	2
249	49	2
249	11	1
249	42	2
249	32	2
249	4	2
249	18	1
250	91	5
250	50	2
250	86	2
250	49	2
250	47	2
250	18	4
250	57	3
250	3	3
250	48	4
250	80	4
250	71	4
250	63	1
251	75	2
251	81	2
251	9	4
251	95	2
251	94	3
251	28	4
251	6	3
251	13	4
251	98	1
251	52	3
251	25	3
252	35	4
252	98	2
252	42	5
252	67	4
252	37	3
252	28	1
252	20	3
252	40	2
252	11	4
253	77	2
253	58	1
253	56	1
253	38	3
253	55	3
253	70	3
253	46	3
253	73	4
253	87	2
253	17	1
253	49	2
253	44	2
253	71	5
253	27	1
253	69	3
253	89	3
253	91	4
253	97	2
253	13	3
253	21	1
254	26	4
254	89	1
254	55	4
254	32	5
254	59	2
254	71	3
254	94	3
254	44	1
254	9	4
255	24	2
255	7	2
255	35	2
255	16	3
255	70	1
255	52	4
255	1	3
255	78	4
255	20	3
255	59	4
255	36	3
255	57	1
255	34	1
255	11	3
256	86	1
256	70	3
256	21	4
256	65	3
256	53	3
256	74	3
256	82	2
256	75	4
256	84	3
256	6	1
256	2	4
256	27	2
256	89	1
256	81	2
256	71	1
256	73	2
256	93	1
256	83	3
257	14	2
257	12	2
257	61	3
257	20	2
257	25	2
257	18	3
257	94	3
257	84	1
257	23	3
257	33	1
257	22	1
257	48	1
258	65	3
258	28	4
258	8	5
258	22	5
258	71	2
258	76	3
258	27	3
258	12	5
258	37	4
258	38	2
258	2	2
258	9	5
258	14	5
258	11	1
259	71	2
259	83	2
259	44	1
259	77	2
259	3	2
259	12	2
259	21	2
259	42	1
259	84	1
259	37	2
259	67	1
259	74	4
259	61	1
260	92	3
260	5	3
260	51	4
260	56	2
260	90	2
260	55	2
260	83	2
260	27	2
260	82	4
261	24	3
261	82	2
261	78	4
261	81	2
261	74	4
261	20	2
261	47	1
261	72	1
261	65	2
261	22	1
261	9	2
261	90	2
261	53	4
261	14	3
262	57	3
262	8	2
262	93	1
262	36	3
262	90	2
262	77	3
262	75	1
262	60	1
262	62	2
262	63	3
262	55	2
262	97	2
262	72	1
262	85	1
262	20	2
263	37	2
263	12	2
263	43	3
263	73	3
263	23	2
263	17	3
263	78	3
263	7	1
263	67	3
263	38	2
263	75	4
263	94	2
263	13	2
263	33	3
264	42	5
264	79	2
264	24	4
264	66	3
264	67	3
264	94	1
264	82	2
264	57	4
264	21	3
265	34	3
265	73	2
265	64	2
265	62	3
265	55	3
265	1	4
265	69	1
265	39	4
265	93	1
265	80	2
265	58	4
265	25	2
265	21	2
265	46	1
265	29	2
266	89	1
266	7	3
266	71	2
266	56	5
266	24	1
266	63	4
266	75	1
266	9	4
267	80	2
267	38	2
267	68	5
267	8	4
267	81	4
267	16	3
267	11	2
267	26	3
267	97	3
267	21	3
268	24	2
268	29	4
268	92	2
268	67	2
268	25	4
268	54	4
268	76	4
268	69	5
268	68	5
268	14	4
268	78	2
268	22	4
268	90	5
268	28	4
269	32	5
269	97	2
269	18	3
269	56	3
269	34	3
269	6	3
269	42	2
269	64	1
269	46	2
269	84	5
269	25	2
269	7	4
269	90	2
269	29	3
269	54	3
269	74	2
270	50	2
270	21	3
270	32	4
270	34	4
270	84	5
270	94	3
270	85	2
270	67	2
270	54	3
270	63	2
270	91	2
270	47	2
270	62	2
270	17	3
270	52	3
271	18	5
271	15	2
271	92	2
271	63	1
271	70	2
271	43	2
271	91	4
271	68	2
271	80	3
271	40	1
271	95	3
272	93	3
272	1	2
272	5	2
272	20	3
272	18	5
272	71	4
272	50	1
272	97	2
272	25	1
272	38	3
273	14	1
273	87	4
273	51	2
273	39	5
273	18	2
273	69	2
273	91	2
273	25	2
273	55	3
273	78	1
273	1	1
273	62	3
273	59	2
273	32	2
274	14	3
274	91	2
274	44	2
274	71	5
274	38	2
274	2	2
274	12	1
274	49	2
274	68	2
274	34	2
275	72	4
275	88	3
275	28	3
275	82	2
275	77	3
275	43	3
275	97	1
275	34	3
275	33	3
275	78	2
275	49	5
275	42	5
275	24	2
275	79	5
275	60	5
275	95	4
275	41	2
275	67	4
275	76	3
276	55	2
276	76	3
276	19	3
276	32	1
276	74	2
276	21	2
276	43	2
276	34	2
276	42	5
276	72	5
276	44	5
276	59	2
276	12	1
276	82	2
276	67	4
276	73	2
276	27	1
276	89	5
277	52	4
277	42	1
277	27	2
277	63	2
277	89	2
277	36	2
277	43	3
277	44	1
277	60	2
277	25	2
277	84	3
277	33	2
277	73	3
277	55	5
277	61	4
277	18	5
278	25	3
278	2	1
278	54	4
278	30	2
278	47	3
278	84	3
278	89	1
278	21	3
278	39	1
278	50	2
278	93	1
278	98	3
278	18	2
278	68	4
278	31	2
278	1	2
278	42	2
278	4	5
278	63	5
278	22	3
279	97	4
279	4	5
279	98	3
279	57	3
279	52	3
279	5	4
279	22	3
279	90	2
280	96	2
280	2	2
280	63	1
280	60	1
280	16	2
280	17	1
280	82	3
280	90	2
280	31	2
280	48	4
280	38	2
280	8	3
280	71	4
280	85	2
281	96	1
281	87	4
281	29	2
281	12	1
281	13	2
281	30	1
281	61	5
281	79	1
281	1	2
281	19	3
281	11	2
281	38	2
282	92	2
282	15	1
282	3	4
282	4	3
282	54	3
282	5	3
282	94	2
282	12	3
282	26	5
282	78	1
282	18	2
282	20	3
283	90	2
283	29	5
283	81	4
283	33	3
283	35	2
283	58	4
283	71	2
283	3	4
283	55	5
283	16	4
283	28	5
283	40	1
283	27	2
283	8	4
283	12	3
283	46	3
283	94	2
284	84	1
284	17	2
284	23	1
284	67	3
284	36	2
284	71	2
284	18	2
284	29	3
284	93	2
285	42	2
285	27	2
285	40	2
285	52	3
285	36	3
285	25	1
285	2	4
285	77	3
285	19	3
286	41	1
286	46	4
286	95	2
286	82	3
286	70	3
286	32	2
286	19	2
286	90	3
286	43	2
286	31	4
286	48	3
286	39	2
286	53	5
286	78	4
286	40	4
287	32	4
287	29	1
287	57	5
287	60	5
287	93	2
287	25	1
287	67	4
287	83	3
287	33	2
287	34	2
287	7	1
287	39	1
287	76	5
287	9	1
287	28	1
287	72	5
287	79	3
287	50	5
287	69	4
288	33	2
288	77	3
288	21	4
288	89	2
288	53	4
288	11	1
288	42	1
288	20	2
288	69	1
288	90	2
288	52	4
288	96	3
288	93	2
288	86	1
288	14	3
288	66	1
288	44	2
288	13	1
288	48	3
288	2	4
289	3	4
289	26	5
289	58	4
289	1	2
289	81	3
289	62	2
289	22	4
289	74	2
289	90	3
289	28	4
289	8	5
289	43	1
289	71	2
289	18	4
289	25	4
289	23	1
289	98	3
289	16	4
290	68	2
290	66	2
290	2	4
290	1	1
290	7	2
290	76	2
290	60	1
290	3	1
290	51	3
290	74	2
290	87	2
291	32	2
291	85	2
291	75	4
291	2	3
291	50	1
291	31	3
291	64	2
291	72	3
291	83	3
291	48	4
291	98	2
291	96	4
291	86	2
291	55	2
291	40	4
291	37	2
291	1	2
291	28	1
292	65	3
292	96	3
292	73	4
292	64	3
292	36	5
292	4	1
292	32	3
292	75	3
292	23	1
292	71	1
292	56	2
292	19	3
292	30	3
292	50	1
292	43	3
292	76	2
293	41	3
293	16	3
293	59	2
293	91	5
293	43	2
293	86	4
293	1	4
293	18	4
293	3	3
293	36	2
293	12	2
293	64	3
293	49	2
293	93	2
293	14	2
293	27	1
294	11	1
294	87	3
294	40	2
294	53	3
294	89	1
294	47	3
294	28	4
294	74	2
294	36	1
294	26	5
294	68	4
294	75	2
295	20	3
295	48	3
295	81	3
295	93	3
295	63	2
295	36	4
295	59	3
295	33	3
295	89	2
295	84	1
295	53	3
295	35	2
295	32	1
295	4	1
296	93	3
296	39	1
296	5	3
296	76	1
296	73	2
296	62	2
296	51	1
296	2	4
296	64	3
296	44	1
296	58	1
296	45	3
296	96	2
296	63	3
296	75	4
296	59	2
297	40	3
297	3	4
297	69	2
297	91	4
297	89	2
297	73	3
297	51	2
297	55	3
297	16	3
297	37	2
297	19	1
297	84	3
297	57	3
297	75	2
297	13	3
298	28	5
298	67	2
298	71	1
298	33	2
298	3	4
298	56	3
298	5	3
298	9	2
298	59	3
298	26	5
298	42	3
298	96	1
298	94	1
298	22	5
298	29	5
298	25	4
299	9	2
299	75	5
299	2	4
299	26	2
299	88	4
299	74	3
299	7	4
299	81	1
299	51	3
299	84	2
299	63	3
299	71	2
299	98	3
299	23	2
299	64	3
299	48	2
299	3	1
299	15	2
300	88	1
300	81	2
300	53	3
300	61	2
300	48	2
300	40	3
300	90	2
300	15	4
300	43	4
300	36	5
301	42	2
301	52	3
301	29	1
301	87	2
301	36	5
301	17	2
301	11	4
301	2	2
301	43	2
301	20	3
302	34	2
302	16	2
302	21	3
302	78	5
302	17	2
302	2	3
302	64	3
302	97	2
302	35	3
302	12	2
303	63	3
303	44	2
303	40	2
303	61	2
303	66	1
303	47	1
303	96	2
303	7	2
303	37	2
303	2	4
303	38	3
303	29	1
303	53	5
303	36	3
303	74	3
303	15	3
303	78	4
303	13	1
304	82	1
304	38	2
304	45	2
304	43	2
304	40	3
304	92	2
304	11	3
304	9	1
305	78	2
305	74	3
305	49	1
305	12	4
305	19	4
305	68	5
305	76	4
305	22	2
305	29	5
306	78	2
306	96	1
306	6	1
306	80	1
306	30	2
306	54	3
306	29	1
306	61	2
307	89	5
307	49	4
307	52	2
307	92	3
307	57	5
307	60	5
307	71	2
307	13	3
307	83	2
307	10	4
307	77	4
308	51	1
308	15	3
308	11	2
308	55	4
308	58	4
308	5	2
308	20	2
308	74	1
309	69	3
309	59	4
309	5	2
309	77	2
309	54	3
309	70	3
309	18	4
309	30	2
309	20	2
309	96	3
309	16	3
309	32	1
310	48	1
310	22	5
310	41	3
310	69	2
310	17	3
310	25	2
310	28	4
310	81	2
310	29	3
310	84	4
310	98	2
310	61	3
310	97	2
310	60	2
310	68	3
310	31	1
310	35	3
310	9	4
311	49	5
311	43	3
311	81	1
311	57	4
311	60	5
311	85	4
311	82	2
311	18	1
311	72	4
311	37	2
311	9	2
311	52	1
311	32	1
311	70	1
311	78	3
312	29	2
312	78	4
312	19	3
312	68	2
312	77	3
312	35	3
312	53	3
312	83	3
312	24	4
312	92	3
312	59	2
312	97	2
312	11	3
312	15	3
312	80	2
313	19	2
313	33	4
313	35	4
313	65	3
313	62	2
313	49	2
313	24	3
313	39	2
313	52	5
313	47	3
313	15	2
314	34	1
314	46	2
314	19	1
314	23	2
314	27	3
314	45	1
314	64	1
314	84	2
314	29	2
315	60	2
315	62	2
315	68	2
315	54	3
315	2	2
315	36	2
315	19	3
315	71	4
315	6	1
315	23	1
315	94	2
315	35	2
315	91	5
316	95	1
316	60	2
316	80	3
316	47	4
316	16	1
316	51	2
316	69	4
316	17	4
316	29	4
316	94	3
316	37	4
317	53	1
317	62	3
317	24	3
317	57	5
317	35	4
317	74	1
317	85	5
317	72	5
317	56	2
317	48	2
317	67	4
317	33	2
317	10	4
317	44	5
318	45	3
318	33	4
318	46	3
318	8	2
318	78	3
318	28	3
318	73	3
318	7	2
319	30	3
319	7	2
319	38	2
319	81	2
319	35	3
319	73	4
319	11	3
319	65	4
320	19	3
320	45	2
320	84	5
320	63	2
320	32	5
320	29	3
320	37	2
320	14	3
320	58	5
320	81	2
320	70	5
320	56	4
320	17	3
320	71	2
320	42	2
320	16	3
320	13	5
321	92	2
321	97	3
321	75	4
321	26	2
321	27	1
321	66	1
321	12	2
321	94	1
321	22	2
321	98	4
321	52	1
321	77	2
321	1	2
321	88	2
321	28	2
322	66	2
322	62	2
322	15	3
322	19	5
322	3	2
322	64	2
322	59	2
322	33	4
322	47	4
322	93	2
322	55	2
322	63	4
323	94	3
323	9	4
323	64	2
323	45	3
323	3	3
323	90	4
323	81	5
323	47	4
323	17	5
323	29	4
324	50	2
324	8	3
324	11	4
324	61	3
324	96	1
324	66	1
324	43	2
324	82	1
324	36	3
324	25	3
325	4	1
325	74	1
325	52	1
325	37	2
325	7	2
325	61	2
325	58	2
325	28	1
325	90	2
326	70	5
326	59	3
326	18	1
326	68	5
326	20	1
326	13	2
326	63	4
326	81	4
326	41	2
326	47	3
326	25	3
326	43	3
326	9	4
326	94	3
326	76	3
326	62	2
326	48	1
326	74	2
326	22	3
327	86	1
327	39	1
327	21	4
327	77	2
327	45	3
327	19	2
327	90	4
327	20	1
327	2	5
327	64	3
327	70	2
328	89	1
328	92	3
328	40	2
328	17	3
328	90	2
328	8	1
328	74	4
328	14	4
328	41	1
328	43	1
328	16	2
329	68	2
329	63	2
329	85	5
329	51	2
329	87	2
329	43	3
329	92	3
329	72	4
329	33	2
329	60	5
329	57	5
329	19	2
329	61	2
330	3	4
330	85	2
330	4	4
330	61	2
330	6	3
330	65	3
330	80	3
330	39	2
330	8	3
330	42	2
330	16	5
330	2	1
330	33	4
330	7	1
330	26	4
330	59	2
330	52	3
331	7	1
331	83	1
331	76	3
331	3	4
331	8	5
331	4	2
331	27	3
331	45	3
331	47	4
331	22	5
331	87	4
331	29	4
331	25	3
331	55	4
332	47	3
332	94	1
332	54	3
332	1	3
332	5	4
332	98	4
332	6	4
332	4	4
332	28	4
332	96	2
333	85	2
333	91	2
333	51	5
333	74	2
333	45	1
333	23	2
333	38	3
333	63	3
333	2	2
333	72	1
333	81	2
333	40	4
333	82	4
333	76	3
333	32	1
333	35	2
333	66	2
333	53	4
333	16	2
334	23	1
334	48	4
334	10	2
334	82	3
334	72	2
334	92	3
334	68	2
334	53	4
335	35	3
335	27	3
335	52	3
335	90	3
335	67	3
335	74	2
335	81	2
335	36	4
335	7	3
335	62	2
335	20	3
335	54	1
335	73	2
335	77	3
335	33	3
336	42	2
336	43	2
336	69	1
336	92	3
336	30	3
336	45	2
336	78	5
336	60	2
336	12	2
336	62	2
336	20	3
336	51	4
336	85	2
336	46	3
336	31	3
336	26	1
336	84	1
336	19	4
336	41	2
337	35	2
337	68	2
337	89	2
337	57	2
337	79	2
337	80	3
337	71	4
337	26	2
337	88	3
337	48	4
337	4	2
337	8	1
337	16	2
337	72	1
337	91	5
337	23	1
337	6	2
337	61	4
338	66	2
338	6	3
338	8	5
338	45	3
338	39	2
338	93	2
338	92	2
338	73	1
338	56	4
338	38	2
338	29	4
338	54	3
338	17	4
338	5	4
338	26	2
338	37	4
338	11	2
338	81	4
338	3	3
339	24	3
339	95	3
339	46	3
339	67	3
339	4	1
339	17	2
339	79	4
339	41	1
340	78	4
340	44	2
340	90	3
340	46	2
340	74	4
340	47	2
340	25	2
340	22	1
340	43	2
340	75	4
340	59	2
340	67	3
340	31	4
340	48	3
340	5	4
340	79	2
340	97	1
341	55	2
341	46	4
341	16	1
341	47	2
341	10	5
341	12	2
341	39	1
341	92	3
341	44	5
341	77	3
341	57	5
341	72	5
341	34	2
341	93	4
341	85	5
341	42	5
342	95	2
342	65	3
342	59	1
342	72	5
342	47	1
342	77	2
342	45	1
342	83	5
342	35	3
343	27	2
343	9	2
343	62	1
343	36	4
343	65	5
343	4	2
343	15	4
343	67	2
344	45	2
344	59	3
344	60	5
344	22	2
344	46	2
344	42	5
344	77	3
344	51	2
344	93	4
344	37	1
344	48	2
345	65	2
345	1	2
345	92	2
345	44	5
345	46	4
345	23	1
345	82	1
345	81	2
345	93	5
345	72	4
345	55	3
345	70	1
345	42	5
345	38	2
346	45	2
346	53	4
346	94	3
346	56	2
346	18	3
346	74	4
346	80	2
346	70	3
346	63	2
346	58	1
346	86	2
347	79	3
347	53	3
347	74	2
347	39	2
347	2	5
347	90	2
347	13	3
347	94	4
347	59	2
347	32	2
347	52	3
347	4	2
348	30	3
348	17	3
348	69	1
348	90	3
348	15	3
348	34	1
348	6	1
348	87	2
348	63	3
348	92	4
348	14	1
349	41	4
349	28	5
349	33	4
349	90	1
349	87	2
349	67	3
349	84	4
349	26	4
349	29	4
350	53	5
350	70	1
350	31	1
350	26	1
350	40	1
350	52	3
350	94	3
350	76	1
350	45	3
350	5	2
350	17	2
350	48	2
350	80	2
350	59	2
351	35	4
351	60	5
351	78	2
351	92	2
351	34	1
351	42	5
351	50	5
351	89	4
351	11	3
351	18	2
351	53	1
351	13	2
351	20	3
351	66	3
351	93	5
351	98	3
351	44	4
352	15	2
352	13	4
352	73	3
352	22	1
352	34	3
352	52	3
352	48	2
352	66	2
352	69	2
352	32	2
352	35	3
352	97	2
352	83	2
352	18	3
352	1	3
352	4	4
352	28	1
352	11	1
353	84	2
353	15	3
353	4	4
353	12	5
353	32	5
353	17	5
353	25	3
353	97	3
353	65	1
353	67	1
353	8	4
353	68	5
353	69	4
353	61	2
353	39	3
354	5	2
354	3	1
354	12	2
354	94	1
354	92	3
354	21	2
354	18	2
354	27	2
354	51	5
354	54	1
354	24	3
354	75	3
354	33	4
354	90	3
354	65	3
354	44	2
354	77	3
354	79	3
355	41	2
355	53	4
355	78	3
355	31	3
355	62	2
355	81	3
355	70	3
355	48	4
355	57	1
355	97	1
355	59	2
355	77	2
355	73	5
355	69	1
355	71	2
355	46	4
355	47	2
355	4	3
355	27	2
355	15	3
356	70	4
356	73	1
356	41	2
356	36	2
356	1	3
356	90	3
356	56	4
356	15	3
356	89	2
356	98	5
357	67	2
357	45	3
357	38	3
357	75	3
357	51	4
357	69	2
357	87	2
357	90	2
357	31	4
357	20	3
357	30	3
357	74	4
357	19	4
357	11	2
357	36	3
358	34	2
358	40	2
358	64	3
358	16	3
358	86	1
358	47	1
358	91	1
358	49	2
358	29	2
359	32	2
359	65	1
359	8	3
359	24	1
359	76	1
359	52	2
359	91	2
359	43	3
359	86	1
359	44	1
359	96	1
359	95	2
359	33	2
360	4	3
360	31	1
360	78	3
360	75	3
360	21	3
360	20	2
360	65	2
360	48	2
360	2	5
360	63	4
360	98	3
360	70	1
360	23	1
360	10	2
360	53	4
360	90	3
360	74	4
360	52	3
361	60	5
361	65	3
361	10	5
361	27	3
361	36	3
361	63	1
361	59	2
361	35	4
361	31	1
361	19	1
361	87	2
361	69	3
361	25	2
362	72	2
362	91	2
362	66	2
362	86	2
362	18	2
362	28	3
362	69	3
362	35	2
362	80	3
362	84	3
362	25	2
363	15	1
363	42	5
363	77	2
363	62	3
363	13	2
363	85	5
363	95	2
363	67	3
364	79	2
364	21	3
364	34	2
364	53	4
364	78	3
364	83	3
364	60	2
364	42	2
364	94	2
364	25	2
364	63	1
364	40	3
364	1	3
364	45	3
365	41	3
365	8	3
365	70	2
365	69	1
365	61	1
365	51	1
365	43	3
365	59	2
365	23	2
365	93	1
365	58	2
365	31	2
366	97	1
366	96	4
366	66	2
366	49	5
366	52	2
366	70	2
366	12	2
366	42	5
366	10	5
366	25	2
366	51	3
366	79	4
366	11	4
366	59	3
366	35	2
366	67	5
366	95	3
367	63	2
367	24	1
367	43	2
367	73	1
367	44	1
367	7	3
367	17	2
367	78	2
367	64	3
367	56	1
367	83	2
367	95	2
367	5	1
367	8	2
367	87	1
367	80	1
367	61	2
367	93	1
367	60	1
368	71	2
368	61	3
368	67	2
368	36	2
368	31	4
368	23	3
368	41	2
368	19	2
368	1	3
368	95	3
368	96	2
368	15	2
369	81	2
369	92	2
369	83	2
369	6	3
369	59	1
369	9	4
369	1	4
369	4	3
369	87	3
369	86	2
369	18	2
369	50	2
370	81	2
370	37	3
370	31	3
370	82	4
370	5	3
370	40	4
370	38	2
370	89	1
370	74	3
371	46	4
371	2	3
371	80	2
371	85	1
371	67	2
371	52	3
371	94	3
371	14	2
371	73	2
371	15	3
371	39	1
371	57	1
371	1	3
371	30	3
371	53	4
372	44	3
372	17	2
372	47	2
372	66	2
372	81	3
372	46	2
372	58	3
372	30	3
372	64	3
372	96	2
372	5	3
372	86	2
372	53	3
372	29	1
372	93	3
372	48	4
372	36	4
372	20	2
372	28	1
372	63	3
373	75	3
373	46	2
373	24	2
373	22	2
373	83	3
373	66	2
373	53	4
373	40	4
373	43	3
373	6	1
373	78	4
374	15	3
374	28	5
374	9	5
374	6	3
374	98	3
374	60	1
374	48	2
374	70	3
374	80	2
374	76	3
374	3	3
374	14	5
374	30	2
374	97	3
374	61	2
375	61	2
375	20	3
375	21	1
375	64	2
375	6	2
375	34	3
375	17	3
375	56	2
375	65	4
375	72	1
375	29	2
375	11	4
376	47	3
376	62	2
376	58	4
376	84	3
376	54	4
376	72	2
376	21	2
376	86	3
376	30	2
376	68	3
376	5	3
376	11	2
376	95	2
376	76	2
376	8	5
376	9	3
376	49	2
377	30	3
377	52	3
377	80	4
377	82	4
377	70	4
377	51	3
377	61	5
377	42	2
377	15	1
377	56	2
377	62	2
377	93	1
377	17	1
377	18	4
377	10	1
377	77	2
378	31	2
378	11	3
378	19	4
378	82	3
378	71	2
378	54	2
378	96	3
378	18	2
378	5	3
378	27	1
378	67	3
378	10	1
378	28	1
378	83	4
378	56	2
378	7	3
378	8	1
378	92	3
378	81	2
378	89	2
379	90	1
379	27	1
379	41	2
379	86	3
379	65	2
379	78	1
379	23	2
379	74	3
379	25	3
379	97	2
379	60	1
379	72	1
379	13	2
379	16	4
380	9	4
380	6	4
380	69	3
380	66	3
380	5	3
380	52	4
380	7	2
380	86	3
380	64	1
380	89	2
380	76	2
380	79	2
380	53	2
380	26	4
380	18	3
380	57	2
380	14	2
380	25	4
380	42	2
380	22	5
381	37	2
381	73	4
381	33	3
381	52	3
381	44	3
381	31	4
381	95	3
381	30	2
381	18	2
381	80	2
381	57	2
381	60	1
381	36	3
381	19	2
381	75	3
382	62	4
382	37	4
382	52	1
382	5	4
382	64	2
382	77	3
382	78	1
382	18	1
382	27	4
382	41	2
382	56	4
382	23	1
382	55	1
382	25	4
382	1	2
382	8	5
382	80	3
382	96	1
383	24	1
383	88	4
383	96	2
383	78	3
383	55	2
383	94	2
383	15	3
383	50	2
383	54	3
383	51	2
383	69	3
383	13	2
383	37	2
383	36	4
383	58	3
383	31	3
383	9	2
384	21	2
384	73	4
384	79	2
384	55	2
384	48	3
384	13	3
384	10	2
384	34	3
384	31	4
385	74	4
385	54	3
385	62	4
385	27	3
385	24	3
385	33	4
385	70	2
385	19	4
385	80	3
385	30	1
385	47	4
385	92	2
385	63	3
385	59	2
385	68	5
386	31	2
386	71	5
386	2	2
386	79	1
386	29	2
386	34	4
386	56	2
386	23	1
386	89	2
386	10	2
386	48	3
386	87	3
386	65	1
386	32	2
386	45	2
387	28	4
387	86	4
387	9	4
387	26	5
387	72	2
387	49	1
387	80	2
387	88	2
387	90	3
387	13	3
387	3	4
387	97	2
387	45	3
388	93	3
388	63	3
388	82	1
388	52	4
388	42	3
388	96	3
388	56	3
388	83	2
388	66	3
388	53	3
388	1	3
388	5	2
388	22	2
388	20	3
388	29	2
388	33	4
388	37	3
388	43	3
388	11	3
389	23	2
389	15	3
389	97	3
389	29	4
389	56	4
389	52	2
389	89	2
389	62	3
389	33	3
389	82	1
389	14	4
389	49	2
389	93	2
389	58	3
389	77	2
389	60	1
389	80	2
390	73	3
390	68	1
390	42	2
390	91	5
390	95	3
390	18	3
390	24	2
390	56	2
391	90	2
391	50	2
391	36	2
391	17	1
391	85	1
391	39	3
391	91	1
391	84	2
391	37	1
392	44	3
392	11	3
392	14	1
392	73	2
392	93	5
392	63	2
392	72	5
392	77	3
392	34	1
392	8	2
392	1	1
392	42	5
392	30	4
393	80	2
393	68	3
393	74	2
393	25	2
393	31	2
393	57	1
393	51	2
393	94	1
393	16	4
393	28	4
393	53	1
393	84	5
393	90	2
393	27	3
393	6	4
393	33	3
393	32	4
393	97	3
394	3	3
394	50	2
394	34	3
394	71	5
394	86	2
394	39	3
394	47	2
394	97	2
394	81	3
394	91	5
394	48	2
394	25	3
394	45	1
394	74	1
394	13	3
394	30	2
394	4	2
395	3	4
395	33	3
395	16	4
395	15	2
395	24	2
395	21	1
395	62	2
395	49	1
395	97	1
395	34	3
395	59	3
396	87	4
396	39	4
396	30	2
396	24	3
396	53	2
396	13	4
396	54	1
396	1	2
396	33	1
396	23	3
396	95	2
396	71	5
396	35	2
396	11	2
396	52	3
397	30	2
397	71	4
397	92	1
397	38	2
397	36	2
397	61	4
397	26	3
397	70	2
397	86	2
397	50	3
397	4	2
397	19	2
397	91	5
397	93	2
397	80	3
397	90	2
398	38	2
398	33	1
398	44	5
398	43	1
398	41	1
398	65	2
398	21	2
398	85	4
398	83	4
398	50	5
398	31	1
398	4	2
398	64	2
398	60	4
398	89	5
398	96	3
398	67	2
398	76	3
399	85	1
399	14	3
399	80	3
399	9	5
399	17	4
399	4	4
399	10	2
399	90	3
400	15	4
400	63	3
400	52	4
400	87	1
400	22	3
400	34	3
400	32	5
400	45	3
400	25	4
401	20	3
401	77	3
401	58	1
401	87	2
401	19	2
401	43	3
401	81	2
401	2	1
401	13	1
401	97	3
401	31	4
401	96	3
401	37	3
401	74	3
401	65	4
401	56	2
401	51	4
402	93	2
402	42	1
402	66	3
402	68	1
402	86	2
402	4	3
402	39	5
402	77	2
402	80	2
402	91	1
403	53	3
403	93	4
403	76	4
403	74	2
403	9	2
403	59	3
403	50	4
403	92	2
403	33	1
403	35	3
403	46	2
403	31	1
403	17	1
404	86	3
404	34	1
404	51	1
404	89	3
404	5	2
404	90	3
404	24	2
404	71	4
404	61	4
404	59	2
404	87	3
404	12	1
405	26	5
405	41	2
405	76	2
405	93	2
405	19	2
405	22	4
405	91	2
405	32	4
405	67	1
405	56	4
405	24	2
405	59	2
405	55	3
406	48	2
406	2	2
406	16	3
406	39	5
406	67	1
406	23	3
406	41	3
406	55	2
406	87	5
406	33	2
406	15	1
406	72	3
406	11	3
407	60	5
407	72	4
407	34	2
407	29	2
407	69	4
407	13	1
407	50	5
407	53	3
407	44	4
407	24	4
407	43	3
408	29	2
408	59	3
408	67	2
408	48	2
408	85	1
408	45	3
408	31	4
408	88	2
408	83	3
408	19	3
408	3	2
408	11	4
408	95	2
408	53	3
409	46	2
409	49	1
409	79	2
409	34	2
409	39	4
409	73	2
409	8	2
409	86	2
409	41	2
409	58	1
409	27	2
409	87	5
409	96	3
409	92	1
409	1	3
409	85	2
409	28	2
410	89	2
410	81	2
410	19	2
410	84	1
410	31	4
410	9	1
410	65	4
410	11	3
410	35	3
410	97	1
410	66	2
410	73	3
410	24	3
411	42	3
411	3	3
411	65	1
411	31	2
411	47	5
411	85	2
411	22	5
411	19	3
411	27	2
411	8	3
411	63	2
411	17	3
412	4	2
412	59	2
412	39	2
412	88	2
412	30	3
412	43	2
412	52	2
412	27	1
412	90	2
412	46	4
412	42	2
412	84	1
412	31	3
413	95	2
413	82	2
413	46	2
413	73	1
413	13	2
413	51	2
413	28	1
413	16	1
413	42	1
413	69	1
413	45	2
413	53	2
413	15	2
413	12	2
414	90	2
414	4	2
414	34	3
414	59	3
414	53	4
414	67	2
414	23	2
414	20	1
414	28	1
414	30	1
414	43	3
414	14	3
414	68	2
414	78	5
414	74	5
414	15	4
414	47	2
415	84	2
415	14	2
415	60	2
415	88	4
415	50	1
415	75	3
415	79	3
415	92	2
416	42	5
416	64	1
416	36	1
416	91	2
416	79	4
416	31	2
416	93	4
416	43	3
416	67	4
416	76	3
417	22	4
417	54	3
417	90	2
417	3	4
417	71	3
417	68	3
417	94	2
417	70	3
417	47	4
417	16	4
417	49	2
417	86	4
417	74	2
417	14	1
417	55	4
418	87	2
418	45	2
418	22	5
418	55	5
418	16	5
418	6	3
418	3	4
418	92	2
418	68	3
418	75	3
418	97	2
418	90	3
418	69	2
418	63	2
418	27	4
418	8	3
418	54	3
418	37	3
418	62	3
419	12	4
419	58	4
419	6	3
419	14	5
419	28	4
419	7	4
419	89	1
419	3	3
419	60	1
419	32	3
419	62	3
419	54	4
419	17	5
419	81	4
419	43	2
419	78	1
419	37	4
420	11	2
420	96	2
420	68	4
420	19	3
420	54	3
420	8	5
420	14	5
420	4	3
420	76	3
420	50	2
420	26	3
420	9	4
420	41	2
420	47	4
420	69	3
421	97	2
421	3	1
421	70	4
421	41	3
421	69	3
421	39	3
421	71	2
421	75	3
421	13	4
421	30	2
421	45	2
421	48	4
421	51	1
421	73	3
421	34	3
421	33	2
421	7	1
421	77	3
422	73	3
422	71	4
422	42	2
422	91	5
422	36	2
422	94	3
422	2	2
422	38	2
422	15	1
422	13	3
423	95	3
423	33	4
423	62	2
423	43	2
423	7	4
423	48	3
423	79	2
423	11	3
423	17	2
423	75	5
423	72	2
423	53	4
423	47	2
423	87	3
423	77	4
424	62	3
424	71	1
424	72	4
424	41	2
424	60	3
424	40	2
424	42	5
424	77	3
424	20	4
424	85	5
424	88	2
424	50	4
424	27	2
424	95	3
424	90	3
424	28	2
425	24	3
425	93	3
425	7	3
425	88	3
425	33	4
425	50	2
425	43	4
425	19	3
425	37	2
425	21	3
426	55	1
426	37	1
426	97	3
426	73	2
426	82	2
426	3	3
426	24	2
426	40	3
426	18	2
426	7	4
426	22	3
426	54	2
426	77	3
426	46	2
426	13	2
427	4	2
427	65	3
427	60	5
427	96	4
427	89	5
427	46	3
427	44	4
427	38	2
427	20	3
427	19	2
427	18	1
428	37	2
428	14	2
428	44	2
428	28	3
428	36	2
428	11	2
428	41	3
428	97	3
428	33	1
428	87	4
428	83	2
428	94	3
428	77	2
428	65	3
428	85	1
428	8	1
428	45	2
428	75	1
428	95	5
428	71	4
429	55	3
429	97	4
429	20	2
429	58	3
429	25	4
429	86	4
429	17	2
429	22	5
429	34	4
429	9	4
429	6	3
429	62	1
429	32	4
429	68	3
429	8	3
430	83	2
430	90	2
430	36	3
430	72	2
430	45	3
430	65	3
430	35	2
430	43	3
430	16	1
430	81	2
430	40	4
430	88	2
430	50	1
430	52	3
431	75	4
431	65	4
431	5	3
431	52	2
431	51	5
431	67	2
431	9	1
431	78	3
431	15	3
431	43	3
431	86	1
431	53	5
431	38	2
432	48	4
432	38	2
432	49	2
432	78	2
432	91	5
432	5	2
432	56	1
432	3	2
432	51	2
432	89	2
433	90	4
433	93	2
433	2	4
433	74	5
433	33	3
433	40	2
433	49	2
433	45	4
433	53	3
433	60	2
434	36	4
434	90	2
434	64	2
434	31	4
434	48	5
434	82	2
434	51	4
434	66	1
434	74	4
434	19	2
434	53	4
434	91	3
435	17	1
435	96	2
435	87	1
435	75	4
435	42	1
435	20	3
435	92	3
435	52	4
435	83	4
435	36	4
435	51	4
435	16	1
435	24	3
435	47	2
435	4	2
436	58	4
436	45	4
436	66	2
436	32	5
436	81	2
436	62	3
436	64	2
436	47	3
436	86	4
436	19	4
436	31	2
436	73	2
436	43	2
436	25	2
437	83	3
437	34	2
437	28	2
437	74	3
437	2	2
437	30	1
437	38	2
437	86	2
437	93	2
437	71	1
437	49	2
437	63	3
437	42	2
437	33	3
438	82	4
438	18	4
438	4	2
438	19	2
438	80	3
438	44	3
438	88	3
438	56	2
438	3	3
438	74	1
438	13	5
438	81	1
438	38	2
438	95	2
438	41	3
438	85	1
438	20	2
438	68	1
438	25	2
438	35	2
439	30	2
439	56	5
439	22	3
439	64	1
439	12	5
439	8	5
439	47	4
439	51	1
439	95	1
439	53	2
439	26	2
439	76	3
439	14	5
439	37	5
439	29	3
439	63	4
439	91	1
440	91	3
440	36	4
440	46	3
440	96	3
440	22	3
440	7	2
440	83	3
440	48	4
440	51	3
440	81	2
440	73	4
440	30	3
440	2	3
441	95	2
441	40	3
441	89	2
441	25	3
441	20	3
441	61	2
441	77	3
441	54	1
441	4	2
441	15	2
441	36	2
441	66	2
441	11	3
441	7	2
441	98	2
441	44	1
441	88	3
441	34	3
442	92	1
442	73	1
442	56	2
442	87	2
442	66	2
442	64	1
442	25	1
442	39	1
442	67	2
442	88	1
442	31	1
442	22	2
442	59	2
442	7	3
442	71	1
442	69	2
442	35	2
442	47	1
443	71	3
443	56	4
443	3	4
443	90	2
443	62	3
443	77	2
443	16	3
443	54	3
443	39	2
443	33	3
443	84	4
443	35	2
443	6	4
443	93	1
444	9	4
444	91	2
444	25	3
444	88	1
444	26	4
444	73	2
444	20	1
444	61	4
444	45	2
444	55	4
444	54	3
445	94	3
445	80	3
445	86	2
445	40	2
445	53	1
445	21	2
445	14	1
445	38	3
445	16	4
445	98	2
446	14	1
446	80	2
446	67	2
446	24	2
446	53	1
446	40	3
446	93	2
446	60	2
446	16	2
446	50	2
446	85	2
446	66	1
447	34	2
447	98	3
447	37	1
447	75	2
447	45	3
447	78	2
447	76	1
447	66	2
447	84	1
447	93	1
447	57	2
447	24	1
447	40	1
448	56	5
448	98	4
448	21	3
448	5	3
448	4	4
448	67	1
448	79	2
448	58	5
449	29	3
449	58	3
449	92	2
449	4	4
449	88	2
449	56	4
449	76	3
449	30	2
449	40	2
449	84	4
449	33	3
449	47	3
449	3	4
449	13	4
449	67	2
449	54	3
449	12	3
450	74	3
450	68	2
450	48	4
450	37	2
450	38	3
450	51	4
450	9	3
450	67	3
450	36	4
450	25	2
450	31	3
450	20	4
450	88	3
450	19	2
450	86	2
450	55	1
450	83	3
451	16	2
451	80	5
451	77	4
451	91	5
451	1	2
451	23	1
451	85	2
451	71	5
452	21	2
452	74	4
452	75	4
452	52	2
452	89	2
452	96	2
452	38	2
452	66	2
452	68	1
452	42	2
453	94	1
453	27	2
453	55	2
453	69	3
453	31	2
453	62	3
453	33	1
453	42	4
453	49	5
453	57	5
453	53	3
453	38	3
453	20	2
453	9	2
453	25	1
453	60	4
453	84	1
454	77	1
454	87	4
454	55	2
454	36	1
454	60	2
454	10	2
454	1	3
454	2	2
454	39	5
454	23	3
454	17	2
454	61	3
454	98	2
454	18	2
454	54	1
454	13	3
454	92	2
454	30	2
454	29	1
454	79	4
455	78	5
455	30	3
455	31	4
455	4	3
455	51	5
455	21	1
455	75	3
455	63	3
455	91	1
455	77	3
455	20	2
455	81	3
456	30	3
456	79	2
456	65	3
456	20	3
456	43	2
456	24	4
456	37	2
456	64	1
456	44	5
456	45	1
456	57	5
456	11	2
456	75	2
457	44	1
457	36	4
457	52	1
457	21	1
457	31	4
457	32	2
457	73	3
457	3	1
457	40	4
458	52	1
458	10	5
458	93	3
458	60	5
458	72	5
458	57	5
458	85	5
458	6	1
458	35	4
459	9	1
459	65	3
459	15	5
459	96	3
459	52	4
459	24	4
459	62	1
459	51	5
460	20	3
460	62	1
460	66	1
460	48	4
460	5	3
460	65	4
460	82	3
460	72	2
460	81	2
460	22	2
460	87	2
460	35	3
460	2	2
460	92	4
460	63	3
461	13	2
461	50	1
461	78	4
461	64	2
461	26	2
461	44	1
461	83	3
461	20	4
461	52	2
461	37	2
461	15	2
461	5	3
461	53	4
461	2	2
462	23	2
462	56	5
462	97	5
462	55	2
462	68	3
462	37	4
462	5	3
462	75	2
462	4	3
463	19	3
463	98	4
463	44	2
463	15	4
463	41	3
463	83	1
463	3	3
463	63	3
463	50	2
463	13	2
463	77	3
463	29	3
463	24	2
463	79	3
463	58	5
464	1	1
464	18	2
464	35	2
464	55	1
464	91	2
464	73	2
464	38	3
464	75	4
464	63	3
465	38	1
465	47	2
465	19	3
465	29	1
465	77	2
465	88	2
465	71	2
465	46	2
465	9	2
465	6	2
465	37	2
465	60	2
465	1	3
465	97	1
465	36	3
465	84	2
465	53	2
465	13	2
465	79	2
466	92	2
466	65	2
466	70	3
466	20	2
466	14	3
466	32	4
466	71	3
466	90	2
466	34	3
466	40	1
466	25	4
466	69	2
466	74	3
466	16	3
466	26	3
466	43	2
466	89	1
466	55	4
466	8	3
466	12	4
467	10	3
467	80	3
467	69	3
467	16	4
467	27	3
467	95	3
467	55	3
467	75	2
467	22	5
467	17	3
467	73	1
467	62	1
467	51	2
467	52	3
467	68	3
467	28	4
467	84	5
467	26	5
468	41	4
468	87	5
468	30	1
468	25	3
468	92	1
468	79	3
468	80	3
468	20	2
468	16	3
468	3	2
468	24	2
468	75	1
468	71	3
468	39	5
468	97	3
468	31	4
468	11	2
468	50	2
468	36	2
469	59	2
469	25	3
469	54	3
469	55	5
469	9	4
469	50	2
469	2	2
469	44	3
469	63	3
469	6	4
469	90	2
469	38	1
469	8	4
469	92	2
469	19	2
469	3	3
469	76	2
469	57	3
469	47	4
470	26	3
470	74	2
470	34	1
470	42	1
470	40	1
470	70	2
470	90	2
470	66	1
470	47	1
470	77	2
470	63	2
470	6	2
471	65	3
471	74	4
471	46	3
471	10	3
471	75	4
471	5	3
471	72	1
471	89	2
471	36	4
471	11	3
471	26	2
471	53	3
471	92	3
471	51	5
471	13	2
471	63	2
471	73	4
471	40	3
472	45	2
472	43	2
472	11	2
472	14	3
472	81	2
472	87	2
472	23	2
472	12	1
472	6	2
472	60	2
472	71	1
472	37	2
472	67	1
473	87	2
473	63	3
473	36	3
473	48	3
473	74	5
473	7	2
473	24	3
473	46	2
473	59	2
473	33	3
473	5	2
473	3	2
474	58	2
474	26	1
474	55	2
474	9	1
474	79	3
474	91	1
474	87	5
474	34	3
474	33	2
474	4	2
474	64	1
474	53	2
474	44	3
474	88	1
474	18	2
474	1	3
474	8	2
474	23	2
474	51	1
475	64	3
475	51	2
475	14	3
475	5	2
475	25	2
475	94	3
475	48	2
475	2	3
475	36	1
475	63	3
475	38	2
476	88	2
476	3	2
476	40	1
476	4	1
476	37	2
476	17	2
476	25	3
476	87	2
476	43	1
476	27	1
476	58	2
477	10	1
477	24	4
477	9	2
477	96	2
477	90	3
477	71	1
477	43	3
477	20	3
477	46	3
478	49	2
478	82	2
478	18	2
478	16	2
478	67	2
478	87	2
478	88	3
478	65	3
478	53	4
478	35	2
478	97	1
478	34	2
478	75	4
478	54	1
478	63	2
479	39	1
479	98	2
479	21	2
479	54	2
479	97	2
479	78	3
479	95	3
479	48	2
479	69	1
479	11	3
479	44	3
479	80	1
479	50	3
479	74	2
479	24	2
479	85	3
480	76	2
480	83	2
480	37	2
480	98	3
480	45	3
480	2	4
480	38	2
480	13	2
480	14	2
481	44	1
481	90	3
481	38	3
481	13	3
481	14	2
481	88	2
481	98	2
481	31	2
481	51	2
481	74	4
481	64	5
481	94	3
481	78	3
482	73	2
482	27	4
482	40	2
482	76	3
482	4	4
482	12	5
482	32	3
482	17	3
483	72	5
483	59	1
483	57	5
483	27	2
483	20	3
483	67	4
483	37	1
483	96	4
483	49	5
483	14	2
483	70	3
483	39	2
483	48	1
483	94	1
483	44	4
484	46	2
484	66	1
484	4	2
484	67	2
484	85	1
484	93	2
484	98	2
484	30	3
484	59	3
484	47	1
484	58	2
484	16	2
484	89	2
485	89	1
485	77	3
485	55	1
485	15	1
485	37	3
485	60	3
485	87	2
485	28	2
485	12	1
485	57	2
485	18	2
486	85	2
486	37	2
486	33	3
486	52	3
486	4	2
486	93	3
486	16	3
486	88	1
486	9	1
486	80	1
486	70	4
486	30	3
487	34	1
487	59	3
487	40	3
487	73	3
487	37	3
487	68	2
487	2	3
487	35	4
487	74	3
487	63	3
487	67	3
487	65	4
487	42	3
487	38	4
487	53	4
487	7	2
487	88	3
487	83	4
487	33	4
487	52	2
488	8	4
488	22	5
488	60	2
488	61	3
488	26	5
488	64	2
488	31	2
488	1	2
489	32	2
489	5	2
489	49	2
489	2	2
489	94	2
489	79	2
489	19	1
489	29	2
489	97	2
489	37	1
489	77	3
489	44	1
490	52	3
490	37	2
490	2	2
490	55	3
490	14	1
490	9	2
490	73	2
490	1	1
490	94	2
491	43	3
491	76	4
491	93	3
491	44	4
491	88	3
491	45	3
491	24	3
491	1	2
491	42	5
491	27	2
491	5	1
491	77	2
491	91	1
491	30	3
491	49	5
491	16	3
491	57	4
491	15	1
491	60	4
492	31	3
492	63	3
492	39	2
492	53	4
492	66	2
492	94	2
492	77	2
492	43	2
492	75	3
492	52	2
492	7	3
492	88	3
492	25	2
492	6	2
492	54	1
492	84	3
492	78	3
492	82	3
492	42	2
492	57	1
493	13	4
493	73	2
493	54	3
493	29	4
493	27	3
493	81	3
493	84	5
493	47	5
493	77	2
493	68	4
494	34	2
494	30	2
494	58	3
494	94	2
494	45	2
494	97	3
494	25	3
494	3	5
494	13	3
494	32	3
494	26	5
495	89	5
495	58	2
495	92	3
495	60	5
495	10	3
495	59	2
495	27	2
495	50	4
495	65	2
495	34	1
495	30	4
495	49	5
495	16	1
495	7	2
495	41	1
495	35	4
495	46	4
495	96	3
495	62	4
495	64	2
496	58	4
496	47	4
496	77	2
496	57	1
496	1	3
496	71	4
496	69	3
496	45	3
496	86	4
496	56	3
496	98	2
496	25	3
496	26	5
496	15	2
496	70	4
496	8	3
496	96	1
497	5	3
497	18	3
497	64	4
497	65	1
497	77	3
497	42	1
497	74	3
497	71	2
497	95	1
497	21	2
498	68	1
498	65	4
498	29	2
498	77	2
498	30	3
498	17	3
498	36	4
498	59	3
498	16	2
498	64	2
498	83	2
498	32	3
498	46	4
498	25	2
498	37	3
498	2	2
499	3	1
499	39	1
499	93	2
499	86	2
499	51	1
499	56	2
499	1	2
499	22	2
500	69	1
500	77	2
500	51	3
500	80	2
500	49	1
500	94	3
500	74	2
500	17	1
501	10	4
501	7	4
501	44	4
501	1	4
501	46	5
501	20	5
501	31	4
501	29	1
501	58	1
501	4	5
501	9	5
501	15	5
501	12	5
501	81	5
501	14	5
501	68	5
